80
443
8080
8081
81
8443
8000
4443
8888
888
88
82
8083
5000
8001
9000
8181
9090
83
9001
9999
84
9080
8008
8082
8010
8085
10001
10000
8088
3000
8880
85
3128
8009
8084
1234
50000
8887
7070
8002
2002
113
4567
7002
8005
9050
5800
631
5432
9030
5900
8007
7776
8003
5801
3689
70
8006
1311
143
1080
993
995
8004
5222
5269
79
2001
554
515
8118
8881
139
1026
3002
8885
4444
5280
6600
2030
3052
1344
2525
1830
2064
4000
6969
1
4711
280
15000
8882
591
8883
55555
783
900
1503
31337
