80
443
8080
8443
8880
81
8081
88
82
8001
8888
8000
888
8083
9090
9001
9000
83
8010
8008
4443
84
9999
8181
8088
8009
5000
8082
9080
10000
85
8085
3000
50000
8084
8002
70
1234
2002
3128
8003
5900
4567
5432
79
5800
3689
5801
1311
631
995
143
993
8005
7070
8004
8006
8007
10001
5269
5222
113
9050
515
9030
554
8887
8881
8885
7002
1080
8118
2001
3002
1026
6600
7776
2030
3052
5280
2064
1830
1344
139
8087
2525
2000
6000
12345
789
6001
2222
20000
9100
2081
3389
9600
8126
6668
444
4500
2345
771
1200
5007
104
7171
264
1099
102
2455
3388
1433
25001
37777
195
1153
1599
4242
5009
175
1521
9530
25565
389
1515
2087
2181
2761
5010
18245
2404
3310
11112
54138
43
548
3260
8291
20256
20547
35000
49
3299
4899
9633
1962
2762
5672
21379
44818
179
1177
4157
4369
4786
5025
5938
55000
60129
1723
3460
7415
10134
135
3001
4444
5001
4000
7100
900
8886
9002
9003
