80
443
5000
8081
888
8080
8443
8083
9999
8888
9000
81
8000
9001
8001
9080
4443
8009
10000
8010
5222
88
9090
10001
8008
8880
3000
8088
8181
82
50000
3128
8082
8006
8003
8085
8002
8004
5269
5800
1311
83
8084
5900
5801
8005
5432
4567
3689
1080
8885
84
9050
8007
9030
8881
1234
7070
7776
7002
8887
2002
85
1026
3002
8118
631
1344
5280
6600
3052
2001
113
143
993
995
515
79
70
2064
2525
2030
1830
139
4000
4444
15000
55555
554
6969
5060
6699
4711
7100
8886
7007
8883
1314
900
901
6544
1220
8882
1
1214
1503
6346
10005
31337
280
505
591
898
1900
2306
2715
3531
5427
5802
6103
8884
13013
13666
